# Button script: tools/field_training.txt's route into Field Training (trimmed so
# no stray A press lands on the map), then Day 1: select and move both
# infantry, Wait, End the turn; Olaf's turn; Day 2: move next to the enemy
# and Fire (battle scene by ~16000, 8 HP vs 5). Matches mGBA turn for turn.
600 008
606 000
900 008
906 000
1200 008
1206 000
1500 001
1506 000
1700 001
1706 000
1760 008
1766 000
1820 001
1826 000
2000 001
2006 000
2120 001
2126 000
2240 001
2246 000
2360 001
2366 000
2480 001
2486 000
2600 001
2606 000
2720 001
2726 000
2840 001
2846 000
2960 001
2966 000
3080 001
3086 000
3200 001
3206 000
3320 001
3326 000
3440 001
3446 000
3560 001
3566 000
3680 001
3686 000
3800 001
3806 000
3920 001
3926 000
4040 001
4046 000
4160 001
4166 000
4280 001
4286 000
4400 001
4406 000
4520 001
4526 000
4640 001
4646 000
4760 001
4766 000
4880 001
4886 000
5000 001
5006 000
5120 001
5126 000
5240 001
5246 000
5360 001
5366 000
5480 001
5486 000
5600 001
5606 000
5720 001
5726 000
5840 001
5846 000
5960 001
5966 000
6080 001
6086 000
6200 001
6206 000
6320 001
6326 000
6440 001
6446 000
6560 001
6566 000
6680 001
6686 000
6800 001
6806 000
6920 001
6926 000
7040 001
7046 000
7160 001
7166 000
7280 001
7286 000
7400 001
7406 000
7520 001
7526 000
7640 001
7646 000
7760 001
7766 000
7880 001
7886 000
8000 001
8006 000
8120 001
8126 000
8240 001
8246 000
8360 001
8366 000
8480 001
8486 000
8600 001
8606 000
8720 001
8726 000
8800 020
8804 000
8816 020
8820 000
8832 020
8836 000
8848 020
8852 000
8864 080
8868 000
8900 001
8906 000
8960 020
8964 000
8976 020
8980 000
8992 020
8996 000
9008 020
9012 000
9024 080
9028 000
9060 001
9064 000
9220 001
9224 000
9310 001
9314 000
9400 001
9404 000
9490 001
9494 000
9580 001
9584 000
9670 001
9674 000
9760 001
9764 000
9850 001
9854 000
9920 001
9924 000
9960 010
9964 000
9976 010
9980 000
9992 010
9996 000
10030 001
10034 000
10230 001
10234 000
10320 001
10324 000
10410 001
10414 000
10500 001
10504 000
10590 001
10594 000
10680 001
10684 000
10770 001
10774 000
10860 001
10864 000
10950 001
10954 000
11010 001
11014 000
11120 001
11124 000
11200 020
11204 000
11216 040
11220 000
11232 040
11236 000
11270 001
11274 000
11350 010
11354 000
11366 010
11370 000
11382 010
11386 000
11420 001
11424 000
11520 001
11524 000
11830 001
11834 000
11920 001
11924 000
12010 001
12014 000
12100 001
12104 000
12190 001
12194 000
12260 080
12264 000
12276 080
12280 000
12292 080
12296 000
12320 001
12324 000
12650 001
12654 000
12740 001
12744 000
12830 001
12834 000
12920 001
12924 000
13010 001
13014 000
13100 001
13104 000
13190 001
13194 000
13280 001
13284 000
13370 001
13374 000
13460 001
13464 000
13550 001
13554 000
13640 001
13644 000
13730 001
13734 000
13820 001
13824 000
13910 001
13914 000
14000 001
14004 000
14090 001
14094 000
14180 001
14184 000
14270 001
14274 000
14380 001
14384 000
14460 020
14464 000
14476 020
14480 000
14492 080
14496 000
14508 080
14512 000
14540 001
14544 000
14780 001
14784 000
14900 001
14904 000
15000 010
15004 000
15016 010
15020 000
15032 010
15036 000
15070 001
15074 000
15330 001
15334 000
15420 001
15424 000
15510 001
15514 000
15600 001
15604 000
15690 001
15694 000
15780 001
15784 000
15870 001
15874 000
15960 001
15964 000
16050 001
16054 000
16140 001
16144 000
16230 001
16234 000
