# Button script (see tools/title.txt): intro, title, name "A", Nell's tutorial,
# into the first Field Training battle (map up by frame ~8000).
600 008
606 000
900 008
906 000
1200 008
1206 000
1500 001
1506 000
1700 001
1706 000
1760 008
1766 000
1820 001
1826 000
2000 001
2006 000
2120 001
2126 000
2240 001
2246 000
2360 001
2366 000
2480 001
2486 000
2600 001
2606 000
2720 001
2726 000
2840 001
2846 000
2960 001
2966 000
3080 001
3086 000
3200 001
3206 000
3320 001
3326 000
3440 001
3446 000
3560 001
3566 000
3680 001
3686 000
3800 001
3806 000
3920 001
3926 000
4040 001
4046 000
4160 001
4166 000
4280 001
4286 000
4400 001
4406 000
4520 001
4526 000
4640 001
4646 000
4760 001
4766 000
4880 001
4886 000
5000 001
5006 000
5120 001
5126 000
5240 001
5246 000
5360 001
5366 000
5480 001
5486 000
5600 001
5606 000
5720 001
5726 000
5840 001
5846 000
5960 001
5966 000
6080 001
6086 000
6200 001
6206 000
6320 001
6326 000
6440 001
6446 000
6560 001
6566 000
6680 001
6686 000
6800 001
6806 000
6920 001
6926 000
7040 001
7046 000
7160 001
7166 000
7280 001
7286 000
7400 001
7406 000
7520 001
7526 000
7640 001
7646 000
7760 001
7766 000
7880 001
7886 000
8000 001
8006 000
8120 001
8126 000
8240 001
8246 000
8360 001
8366 000
8480 001
8486 000
8600 001
8606 000
8720 001
8726 000
8840 001
8846 000
8960 001
8966 000
